22.44557050704956
70.96658759117126
88.70517013549805
101.15998477935791
102.22345191955566
87.98477782249451
94.87980337142945
97.83032793045044
97.9019614982605
94.10466075897217
98.29719463348388
104.64992511749267
101.81061771392822
101.94881093978881
108.96391000747681
111.06270490646362
114.80014129638671
102.85536323547363
106.56824394226074
104.64271060943604
117.84696125030517
119.2696083831787
119.85008451461792
124.29627771377564
122.34443956375122
113.40456462860108
128.8686283302307
128.48950336456298
127.55005327224731
128.9773557662964
133.1546364402771
114.01187393188476
119.63948120117188
125.30435884475708
116.2258333683014
126.59475933074951
133.22528614044188
130.11420820236205
129.93744525909423
105.07466981887818
98.96125373840331
107.6021439743042
104.91989919662475
120.63481618881225
114.33784322738647
114.09418260574341
114.35564310073852
118.7809140586853
109.70548984527588
113.61195224761963
121.00176248550414
127.57317920684814
109.34312602996826
116.80855403900146
105.56430027008057
111.60166189193725
127.18168760299683
122.3388136291504
117.54316917419433
121.0296577835083
110.40389989852905
121.35459852218628
120.75426307678222
117.38286790847778
116.80989492416381
117.34634483337402
122.36594631195068
120.93192749023437
112.94084526062012
126.07729930877686
117.5077915763855
117.05477634429931
129.98718954086303
125.89875955581665
110.03557514190673
121.40793676376343
121.85793704986573
115.23015197753907
130.2267237854004
129.87054321289062
127.19829580307007
130.26634057998658
131.9557208633423
126.69606044769287
133.40018674850464
122.03508800506592
129.67441679000854
133.3894679450989
132.45697275161743
127.65375188827515
123.45316297531127
127.85951587677002
126.92658855438232
122.41786340713502
124.38673828125
125.42108985900879
128.0778424835205
125.64597534179687
129.44567642211913
129.16423398971557
120.65008853912353
99.57025957107544
108.19295503616333
104.76691207885742
124.83302711486816
116.86564764022827
110.328713722229
119.65646030426025
123.56465126037598
118.66132049560547
121.82141763687133
130.21344707489013
129.0936184692383
118.48866250991821
119.72213535308838
128.1518948173523
130.65556535720825
118.18878665924072
120.00348443984986
125.0202092552185
128.93672777175902
115.68442409515382
125.52212478637695
118.11908174514771
116.3836947441101
115.3939469909668
125.66359106063842
122.82367666244507
122.47632061004639
124.65146139144898
128.8234094429016
117.46413124084472
129.64123472213745
122.65125802993775
131.29066286087036
120.01599395751953
128.72197986602782
123.52213914871216
131.66687795639038
122.75533294677734
123.11714952468873
122.29395240783691
130.981778049469
124.13214553833008
126.41408374786377
130.22644729614257
127.87713332176209
131.82392250061037
126.84667568206787
117.58591553688049
122.62797021865845
123.96998712539673
124.39131479263305
130.8354162979126
132.95716621398927
129.72293930053712
123.0676381111145
127.9557179069519
127.28232894897461
121.13310319900512
124.92319702148437
120.19661560058594
122.9522834777832
111.8420713043213
127.47701419830322
119.62208776473999
123.11182754516602
114.32494886398315
119.75973846435546
126.05989498138428
121.87869539260865
115.06863662719726
123.91152820587158
129.36468633651734
127.7188967514038
127.98635444641113
119.16665882110595
122.9635830116272
124.53361408233643
131.76119186401368
126.33719482421876
132.12063480377196
116.62469094276429
130.5341523551941
121.23960834503174
128.11559032440186
128.62764318466188
120.94312864303589
126.43790260314941
117.10789897918701
127.0505570602417
124.9424383354187
124.88037456512451
118.53962604522705
122.84589416503906
128.85516281127929
119.86736986160278
122.4853423500061
125.54710914611816
125.20463916778564
127.9769476890564
120.52939395904541
119.47397295951843
125.23519855499268
122.95292345046997
121.14100811004639
116.5349921989441
127.76373220443726
117.72606216430664
125.39260307312011
119.87720018386841
125.10513589859009
126.46465084075928
130.1857688140869
118.65658535003662
125.06602600097656
125.36973503112793
126.57097410202026
117.17797960281372
117.24644712448121
114.81645929336548
115.97684125900268
115.63447554588318
117.5112261581421
111.30486701965332
119.6898118019104
127.0930805015564
127.74884225845337
124.83959201812745
129.86590787887573
126.28676187515259
123.66235866546631
132.14752864837646
